10
10,10,10,10,10,10,10,10,10,10
100
11,22,7,0
17,17,5,28
10,12,19,23
14,10,24,29
29,8,11,3
8,10,21,6
15,20,5,5
21,4,3,8
21,23,0,23
7,9,2,27
12,26,3,24
3,19,17,15
1,28,4,18
0,14,7,18
14,7,20,11
0,11,4,17
0,15,2,24
3,9,11,0
1,16,24,16
20,1,12,9
11,24,2,12
29,11,5,13
3,4,15,3
2,17,25,10
17,7,8,8
2,20,3,13
27,25,11,16
0,4,4,2
15,22,9,10
27,11,13,5
26,7,19,4
20,2,3,19
5,12,19,28
10,11,0,7
7,10,28,5
7,12,3,26
26,15,4,19
1,7,10,1
13,24,9,13
14,8,1,28
2,4,18,19
18,23,12,19
16,5,27,5
15,19,12,20
2,14,0,17
9,4,7,19
20,24,12,6
14,28,15,9
11,2,24,19
4,9,23,15
25,19,12,2
10,8,8,18
3,22,29,6
27,29,23,4
12,13,1,23
20,4,21,15
26,2,18,26
13,14,5,18
3,11,2,8
15,13,5,1
16,18,12,21
11,8,5,20
17,16,8,4
14,17,2,13
21,18,24,8
14,21,9,24
14,27,16,28
18,19,5,14
24,28,9,26
23,12,15,11
26,21,25,11
21,3,23,20
13,27,2,19
24,22,17,12
15,10,27,2
24,15,2,20
24,4,22,1
12,20,27,26
18,0,20,16
4,8,20,9
29,9,7,25
16,2,20,7
13,17,12,27
28,3,28,22
5,6,28,11
28,0,14,6
1,8,25,24
12,9,10,27
25,14,1,6
27,3,27,9
1,11,24,6
14,23,0,15
0,5,13,4
27,0,15,12
17,5,0,21
1,15,5,25
24,18,14,4
16,22,20,25
15,7,15,6
23,14,15,27
